db1 0.500000000000000	0.500000000000000
db2 0.341506350946221	0.591506350945867	0.158493649053779	-0.0915063509458670
db3 0.235233603892705	0.570558457917308	0.325182500263710	-0.0954672077842601	-0.0604161041553542	0.0249087498658910
db4 0.162901714025618	0.505472857545651	0.446100069123194	-0.0197875131179088	-0.132253583684369	0.0218081502373853	0.0232518005355572	-0.00749349466512713
db5 0.113209491291730	0.426971771352711	0.512163472130156	0.0978834806737537	-0.171328357691330	-0.0228005659420470	0.0548513293210770	-0.00441340005432519	-0.00889593505092600	0.00235871396920076
db6 0.0788712160014344	0.349751907037568	0.531131879941213	0.222915661465051	-0.159993299445874	-0.0917590320300334	0.0689440464871973	0.0194616048539635	-0.0223318741654753	0.000391625576034686	0.00337803118150508	-0.000761766902583715
db7 0.0550497153728480	0.280395641813038	0.515574245818332	0.332186241105660	-0.101756911231733	-0.158417505640544	0.0504232325048531	0.0570017225798570	-0.0268912262948561	-0.0117199707823479	0.00887489618961704	0.000303757497756907	-0.00127395235906109	0.000250113426579456
db8 0.0384778110540597	0.221233623576241	0.477743075214377	0.413908266211663	-0.0111928676666498	-0.200829316391107	0.000334097046281932	0.0910381784234543	-0.0122819505230027	-0.0311751033253307	0.00988607964808378	0.00618442240953816	-0.00344385962812760	-0.000277002274213258	0.000477614855331733	-8.30686305985104e-05
db9 0.0269251747941604	0.172417151924713	0.427674532170283	0.464772857172778	0.0941847747511202	-0.207375880896283	-0.0684767745109033	0.105034171137136	0.0217263377299040	-0.0478236320588186	0.000177446406731823	0.0158120829261372	-0.00333981011324138	-0.00302748028715121	0.00130648364017894	0.000162907336009684	-0.000178164879547394	2.78227567929090e-05
db10 0.0188585787963962	0.133061091396866	0.372787535742662	0.486814055366100	0.198818870884399	-0.176668100896470	-0.138554939359932	0.0900637242666579	0.0658014935507022	-0.0504832855980052	-0.0208296240438458	0.0234849070484092	0.00255021848393299	-0.00758950116767891	0.000986662682442169	0.00140884329496359	-0.000484973919955697	-8.23545029538012e-05	6.61771831990941e-05	-9.37920788831568e-06


haar 0.500000000000000	0.500000000000000

sym2 0.341506350946439	0.591506350946245	0.158493649053881	-0.0915063509459255
sym3 0.235233603892705	0.570558457917308	0.325182500263710	-0.0954672077842601	-0.0604161041553542	0.0249087498658910
sym4 0.0227851729480000	-0.00891235072085000	-0.0701588120895000	0.210617267102000	0.568329121705000	0.351869534328000	-0.0209554825625500	-0.0535744507090000
sym5 0.0138160764789283	-0.0149212499343806	-0.123975681306754	0.0117394615680741	0.448290824190919	0.511526483446049	0.140995348427289	-0.0276720930583567	0.0208734322107928	0.0193273979774396
sym6 -0.00551593375468968	0.00124996104639266	0.0316252813299409	-0.0148918756492222	-0.0513624849309040	0.238952185666053	0.556946391963959	0.347228986478351	-0.0341615607932361	-0.0834316077058440	0.00246830618592038	0.0108923501632796
sym7 0.00726069738101329	0.00283567134287519	-0.0762319359481395	-0.0990283534036812	0.204091969862873	0.542891354905994	0.379081300982694	0.0123328297443226	-0.0350391456110641	0.0480073839678379	0.0215777262910395	-0.00893521582556635	-0.000740612957301355	0.00189632926710347
sym8 0.00133639669640259	-0.000214197150122614	-0.0105728432641809	0.00269319437688015	0.0347452329555874	-0.0192467606316653	-0.0367312543803838	0.257699335186535	0.549553315269009	0.340372673594386	-0.0433268077028219	-0.101324327642817	0.00537930587524030	0.0224118115218096	-0.000383345448113309	-0.00239172925574569



dmey 
-1.06754713000000e-06	9.04223910000000e-07	3.17904740000000e-07	-1.48249686000000e-06	1.21850207000000e-06	4.93618310000000e-07	-2.03604729000000e-06	1.68513902000000e-06	6.94742880000000e-07	-2.98242491000000e-06	2.37128175000000e-06	1.18420622000000e-06	-4.26703335000000e-06	3.42066573000000e-06	1.69867277000000e-06	-6.75732600000000e-06	5.10285152000000e-06	3.42881336000000e-06	-1.00458073700000e-05	7.42738297000000e-06	4.37527643000000e-06	-1.72802656000000e-05	1.42173515200000e-05	1.06020135900000e-05	-3.28300673700000e-05	2.28687423700000e-05	2.64526068300000e-05	-7.26756723600000e-05	1.72972015000000e-05	0.000105863355880000	-5.34521877000000e-05	-9.89334554300000e-05	-6.61235476200000e-05	0.000113978321900000	0.000607757935360000	-0.000408838764160000	-0.00191072028190000	0.00155193926157000	0.00427481806225000	-0.00451609544333000	-0.00780973483285000	0.0107840153442700	0.0123063973649900	-0.0226939113793400	-0.0171980843830200	0.0450195435858100	0.0216524716331900	-0.0938306002586500	-0.0247828615296900	0.314022352386430	0.525910951416260	0.314022352386430	-0.0247828615296900	-0.0938306002586500	0.0216524716331900	0.0450195435858100	-0.0171980843830200	-0.0226939113793400	0.0123063973649900	0.0107840153442700	-0.00780973483285000	-0.00451609544333000	0.00427481806225000	0.00155193926157000	-0.00191072028190000	-0.000408838764160000	0.000607757935360000	0.000113978321900000	-6.61235476200000e-05	-9.89334554300000e-05	-5.34521877000000e-05	0.000105863355880000	1.72972015000000e-05	-7.26756723600000e-05	2.64526068300000e-05	2.28687423700000e-05	-3.28300673700000e-05	1.06020135900000e-05	1.42173515200000e-05	-1.72802656000000e-05	4.37527643000000e-06	7.42738297000000e-06	-1.00458073700000e-05	3.42881336000000e-06	5.10285152000000e-06	-6.75732600000000e-06	1.69867277000000e-06	3.42066573000000e-06	-4.26703335000000e-06	1.18420622000000e-06	2.37128175000000e-06	-2.98242491000000e-06	6.94742880000000e-07	1.68513902000000e-06	-2.03604729000000e-06	4.93618310000000e-07	1.21850207000000e-06	-1.48249686000000e-06	3.17904740000000e-07	9.04223910000000e-07	-1.06754713000000e-06	0

coif1 -0.0514297284710000	0.238929728471000	0.602859456942000	0.272140543058000	-0.0514297284710000	-0.0110702715290000
coif2 0.0115875967390000	-0.0293201379800000	-0.0476395903100000	0.273021046535000	0.574682393857000	0.294867193696000	-0.0540856070920000	-0.0420264804610000	0.0167444101630000	0.00396788361300000	-0.00128920335600000	-0.000509505399000000
coif3 -0.00268241867100000	0.00550312670900000	0.0165835604790000	-0.0465077644790000	-0.0432207635600000	0.286503335274000	0.561285256870000	0.302983571773000	-0.0507701407550000	-0.0581962507620000	0.0244340943210000	0.0112292409620000	-0.00636960101100000	-0.00182045891600000	0.000790205101000000	0.000329665174000000	-5.01927750000000e-05	-2.44657340000000e-05
coif4 0.000630961046000000	-0.00115222485200000	-0.00519452402600000	0.0113624592440000	0.0188672353780000	-0.0574642344290000	-0.0396526485170000	0.293667390895000	0.553126452562000	0.307157326198000	-0.0471127388650000	-0.0680381270510000	0.0278136401530000	0.0177358374380000	-0.0107563185170000	-0.00400101288600000	0.00265266594600000	0.000895594529000000	-0.000416500571000000	-0.000183829769000000	4.40803540000000e-05	2.20828570000000e-05	-2.30494200000000e-06	-1.26217500000000e-06
coif5 -0.000149963800000000	0.000253561200000000	0.00154024570000000	-0.00294111080000000	-0.00716378190000000	0.0165520664000000	0.0199178043000000	-0.0649972628000000	-0.0368000736000000	0.298092323500000	0.547505429400000	0.309706849000000	-0.0438660508000000	-0.0746522389000000	0.0291958795000000	0.0231107770000000	-0.0139736879000000	-0.00648009000000000	0.00478300140000000	0.00172065470000000	-0.00117582220000000	-0.000451227000000000	0.000213729800000000	9.93776000000000e-05	-2.92321000000000e-05	-1.50720000000000e-05	2.64080000000000e-06	1.45930000000000e-06	-1.18400000000000e-07	-6.73000000000000e-08


